|------------------ Written with ogs5py ------------------|
#TIME_STEPPING
  $PCS_TYPE
   GROUNDWATER_FLOW
  $TIME_START
   0
  $TIME_END
   7199.999999999997
  $TIME_STEPS
   1 0.2416837299855661
   1 1.6917861098989626
   1 4.591990869725757
   1 8.942298009465944
   1 14.742707529119528
   1 21.99321942868653
   1 30.693833708166892
   1 40.84455036756066
   1 52.445369406867826
   1 65.4962908260884
   1 79.99731462522237
   1 95.94844080426986
   1 113.34966936323053
   1 132.2010003021046
   1 152.50243362089213
   1 174.25396931959312
   1 197.45560739820758
   1 222.10734785673503
   1 248.2091906951764
   1 275.7611359135308
   1 304.7631835117986
   1 335.21533348998037
   1 367.11758584807467
   1 400.46994058608425
   1 435.27239770400456
   1 471.5249572018397
   1 509.22761907958557
   1 548.3803833372513
   1 588.9832499748227
   1 631.0362189923144
   1 674.5392903897127
#STOP
|-- Written with ogs5py (1.1.0rc1) on: 2020-06-05_17-46-51 --|