0.000000000000000000e+00
1.030610152128364106e-03
8.244881217026912845e-03
2.782647410746583172e-02
6.595904973621530276e-02
1.288262690160455193e-01
2.226117928597266538e-01
3.534992821800288509e-01
5.276723978897224221e-01
7.513148009015774287e-01
1.030610152128364154e+00
1.371742112482852605e+00
1.780894342877813230e+00
2.264250504226015703e+00
2.827994257440230808e+00
3.478309263433228882e+00
4.221379183117779377e+00
5.063387677406653076e+00
6.010518407212619429e+00
7.068955033448449221e+00
8.244881217026913234e+00
9.544480618860783139e+00
1.097393689986282084e+01
1.253943372094580155e+01
1.424715474302250584e+01
1.610328362700569116e+01
1.811400403380812563e+01
2.028549962434258447e+01
2.262395405952184646e+01
2.513555100025867617e+01
2.782647410746583105e+01
3.070290704205608634e+01
3.377103346494223501e+01
3.703703703703702388e+01
4.050710141925322461e+01
4.418741027250359821e+01
4.808414725770095544e+01
5.220349603575803599e+01
5.655164026758759377e+01
6.113476361410241822e+01
6.595904973621530587e+01
7.103068229483899643e+01
7.635584495088626511e+01
8.194072136526982320e+01
8.779149519890256670e+01
9.391435011269719269e+01
1.003154697675664124e+02
1.070010378244231219e+02
1.139772379441800467e+02
1.212502537877499265e+02
1.288262690160455293e+02
1.367114672899795949e+02
1.449120322704650050e+02
1.534341476184144710e+02
1.622839969947406757e+02
1.714677640603565578e+02
1.809916324761747717e+02
1.908617859031081423e+02
2.010844080020694093e+02
2.116656824339712557e+02
2.226117928597266484e+02
2.339289229402482420e+02
2.456232563364486907e+02
2.577009767092410470e+02
2.701682677195378801e+02
2.830313130282519865e+02
2.962962962962961910e+02
3.099694011845831483e+02
3.240568113540257968e+02
3.385647104655367912e+02
3.534992821800287857e+02
3.688667101584148895e+02
3.846731780616076435e+02
4.009248695505198157e+02
4.176279682860642879e+02
4.347886579291535440e+02
4.524131221407007502e+02
4.705075445816185038e+02
4.890781089128193457e+02
5.081309987952164420e+02
5.276723978897224470e+02
5.477084898572497877e+02
5.682454583587119714e+02
5.892894870550209134e+02
6.108467596070901209e+02
6.329234596758316229e+02
6.555257709221585856e+02
6.786598770069842885e+02
7.023319615912205336e+02
7.265482083357804868e+02
7.513148009015775415e+02
7.766379229495233858e+02
8.025237581405312994e+02
8.289784901355145621e+02
8.560083025953849756e+02
8.836193791810563880e+02
9.118179035534403738e+02
9.406100593734502127e+02
9.700020303019994117e+02
9.999999999999994316e+02
