0.000000000000000000e+00
2.416837299855660870e-01
1.933469839884528696e+00
6.525460709610285903e+00
1.546775871907622957e+01
3.021046624819575754e+01
5.220368567688228723e+01
8.289751938504917916e+01
1.237420697526098365e+02
1.761874391594776625e+02
2.416837299855660603e+02
3.216810446107884331e+02
4.176294854150582978e+02
5.309791547782888301e+02
6.631801550803934333e+02
8.156825887012855674e+02
9.899365580208786923e+02
1.187392165419086268e+03
1.409499513275821300e+03
1.657708703970997703e+03
1.933469839884528483e+03
2.238233023396327098e+03
2.573448356886307465e+03
2.940565942734382133e+03
3.341035883320466382e+03
3.776308281024470944e+03
4.247833238226310641e+03
4.757060857305896207e+03
5.305441240643147466e+03
5.894424490617970150e+03
6.525460709610284539e+03
7.199999999999997272e+03
